44214.553250	-234703	44214.553250	44214.554056	-69.613855	13.856981
44214.615620	-234702	44214.615620	44214.616419	-68.994964	13.856962
44214.677980	-234701	44214.677980	44214.678781	-69.240073	13.856942
44968.023090	-222621	44968.023090	44968.021851	107.026918	98.737786
44968.957120	-222606	44968.957120	44968.957294	-15.017718	98.737753
44969.019620	-222605	44969.019620	44969.019657	-3.166827	98.737750
44978.997550	-222445	44978.997550	44978.997711	-13.872271	98.737389
44993.900780	-222206	44993.900780	44993.902429	-142.437327	58.176372
44993.963280	-222205	44993.963280	44993.964791	-130.586436	58.176368
44994.026420	-222204	44994.026420	44994.027154	-63.439545	58.176364
45020.905130	-221773	45020.905130	45020.905537	-35.161535	18.674786
45021.902920	-221757	45021.902920	45021.903342	-36.491280	18.674598
45024.833860	-221710	45024.833860	45024.834396	-46.283404	58.174490
45731.966400	-210371	45731.966400	45731.966603	-17.574627	28.836034
45763.833730	-209860	45763.833730	45763.834013	-24.457338	4.656819
45854.882800	-208400	45854.882800	45854.883755	-82.508513	98.709383
46054.942310	-205192	46054.942310	46054.943736	-123.186262	98.704010
46086.935650	-204679	46086.935650	46086.935871	-19.103191	2.803907
46086.997960	-204678	46086.997960	46086.998234	-23.668300	2.803851
48560.557800	-165014	48560.557800	48560.557797	0.247372	2.772481
48773.215090	1	48773.215090	48773.215071	1.641600	3.628800
48774.212930	-161588	48774.212930	48774.212876	4.631856	3.628800
49137.912940	-155756	49137.912940	49137.912941	-0.107972	3.645996
49143.962140	-155659	49143.962140	49143.962136	0.308453	3.646569
49144.024380	-155658	49144.024380	49144.024499	-10.304656	3.646575
49144.086890	-155657	49144.086890	49144.086862	2.410234	3.646581
49144.960050	-155643	49144.960050	49144.959942	9.346708	3.646665
49145.022350	-155642	49145.022350	49145.022305	3.917599	3.646671
49145.084540	-155641	49145.084540	49145.084667	-11.015510	3.646677
49145.147110	-155640	49145.147110	49145.147030	6.883381	3.646683
51870.776880	-111934	51870.776880	51870.777180	-25.947622	4.710887
51870.901630	-111932	51870.901630	51870.901906	-23.845840	4.710964
52284.678950	-105297	52284.678950	52284.679329	-32.736214	3.474885
52284.741360	-105296	52284.741360	52284.741692	-28.661323	3.409889
54914.832280	-63122	54914.832280	54914.831976	26.302699	5.996163
54914.894660	-63121	54914.894660	54914.894338	27.785590	5.996223
54916.827930	-63090	54916.827930	54916.827586	29.691210	5.960632
54919.696600	-63044	54919.696600	54919.696277	27.920195	5.963413
54920.756780	-63027	54920.756780	54920.756445	28.937342	5.964441
54922.627670	-62997	54922.627670	54922.627330	29.360071	5.966254
54922.690020	-62996	54922.690020	54922.689693	28.250961	6.003733
54922.752370	-62995	54922.752370	54922.752056	27.141853	6.003793
54922.814730	-62994	54922.814730	54922.814419	26.896744	6.003853
54937.781830	-62754	54937.781830	54937.781500	28.550578	5.980945
54937.844200	-62753	54937.844200	54937.843862	29.169469	6.018332
54938.717290	-62739	54938.717290	54938.716942	30.057943	5.981852
54938.779610	-62738	54938.779610	54938.779305	26.356833	6.019233
54940.650510	-62708	54940.650510	54940.650190	27.643562	6.070426
54940.712870	-62707	54940.712870	54940.712553	27.398454	6.021096
54940.775240	-62706	54940.775240	54940.774916	28.017345	6.070545
54940.837640	-62705	54940.837640	54940.837279	31.228235	5.983907
54941.773050	-62690	54941.773050	54941.772721	28.415600	6.022117
54941.835410	-62689	54941.835410	54941.835084	28.170491	6.071558
54942.646120	-62676	54942.646120	54942.645801	27.576074	6.022958
54942.770850	-62674	54942.770850	54942.770527	27.949856	6.023078
54942.833220	-62673	54942.833220	54942.832889	28.568747	6.023138
54942.895590	-62672	54942.895590	54942.895252	29.187638	6.072571
54943.706300	-62659	54943.706300	54943.705969	28.593220	6.023980
54943.768650	-62658	54943.768650	54943.768332	27.484112	6.024040
54943.831010	-62657	54943.831010	54943.830695	27.239002	5.986809
54970.647030	-62227	54970.647030	54970.646715	27.250122	6.303729
54970.709410	-62226	54970.709410	54970.709077	28.733013	6.303787
54993.658930	-61858	54993.658930	54993.658601	28.388892	6.035112
54998.647980	-61778	54998.647980	54998.647628	30.380171	6.039949
55005.632600	-61666	55005.632600	55005.632266	28.847959	6.132529
55135.970980	-59576	55135.970980	55135.970595	33.242099	6.173072
55156.924900	-59240	55156.924900	55156.924508	33.829467	6.193386
55156.987240	-59239	55156.987240	55156.986871	31.856359	6.193446
55157.922710	-59224	55157.922710	55157.922314	34.227723	6.278145
55158.982870	-59207	55158.982870	55158.982482	33.516870	6.195381
55160.916110	-59176	55160.916110	55160.915730	32.830490	6.197255
55160.978470	-59175	55160.978470	55160.978093	32.585381	6.197315
55161.913910	-59160	55161.913910	55161.913535	32.364746	6.198222
55161.976290	-59159	55161.976290	55161.975898	33.847636	6.282022
55162.911740	-59144	55162.911740	55162.911341	34.491001	6.282917
55205.942100	-58454	55205.942100	55205.941698	34.709775	6.276686
55206.004460	-58453	55206.004460	55206.004061	34.464665	6.276746
55206.939920	-58438	55206.939920	55206.939504	35.972030	6.277648
55207.002310	-58437	55207.002310	55207.001866	38.318921	6.241932
55208.873170	-58407	55208.873170	55208.872752	36.149651	6.243746
55209.870980	-58391	55209.870980	55209.870557	36.547906	6.280473
55209.933310	-58390	55209.933310	55209.932920	33.710797	6.244774
55209.995690	-58389	55209.995690	55209.995283	35.193688	6.280593
55212.989110	-58341	55212.989110	55212.988699	35.524455	6.247736
55244.918890	-57829	55244.918890	55244.918471	36.172634	6.314258
55244.981260	-57828	55244.981260	55244.980834	36.791526	6.278751
55246.976860	-57796	55246.976860	55246.976445	35.860037	6.280685
55389.663080	-55508	55389.663080	55389.662616	40.106589	6.419012
56670.346770	-34972	56670.346770	56670.345835	80.819673	7.728563
56717.368350	-34218	56717.368350	56717.367414	80.903469	7.773755
56748.300370	-33722	56748.300370	56748.299381	85.473393	7.765128
57100.338720	-28077	57100.338720	57100.337595	97.192953	8.141996
57101.149460	-28064	57101.149460	57101.148312	99.190535	8.297161
57748.288850	-17687	57748.288850	57748.287471	119.182193	8.705815
57748.351190	-17686	57748.351190	57748.349833	117.209084	8.705876
57802.232720	-16822	57802.232720	57802.231325	120.570887	8.817583
57802.419820	-16819	57802.419820	57802.418413	121.563561	8.817763
57829.360570	-16387	57829.360570	57829.359159	121.948462	8.986061
58140.426470	-11399	58140.426470	58140.424989	127.952650	9.086042
58200.232450	-10440	58200.232450	58200.230950	129.629097	9.201000
58542.417410	-4953	58542.417410	58542.415836	136.011882	9.869426
58580.084550	-4349	58580.084550	58580.082989	134.846031	9.698867
58851.300610	0	58851.300610	58851.298967	141.954885	9.956927
58870.258890	304	58870.258890	58870.257269	140.017742	9.974976
58870.383640	306	58870.383640	58870.381995	142.119524	9.847051
58871.194310	319	58871.194310	58871.192712	138.069107	10.175902
58871.256750	320	58871.256750	58871.255075	144.735998	9.975926
58873.314700	353	58873.314700	58873.313048	142.695400	9.849878
58873.439430	355	58873.439430	58873.437774	143.069182	9.978004
58880.174630	463	58880.174630	58880.172960	144.245407	9.984416
58909.298030	930	58909.298030	58909.296405	140.371493	9.884582
58926.135990	1200	58926.135990	58926.134371	139.856057	10.227191
58931.125040	1280	58931.125040	58931.123398	141.847335	10.032929
